TR

gonzatr =    [6 8  4 4 3 7 3 3 6 10 6 3];
pagetr =     [6 9  4 4 4 6 3 3 6 9  3 3];
sergiotr =   [6 10 5 4 4 6 2 4 5 10 5 3];
victoriatr = [4 10 4 3 3 6 2 2 5 8  4 2];

EC

victoriaec = [8  12 2 2 7 11 4 5 7 4 3 4 2 3 2 9  4 8 8  5];
sergioec =   [10 13 2 2 7 10 5 5 8 4 2 5 2 2 4 10 5 6 10 4];
pageec =     [9  11 4 4 6 10 7 6 7 4 3 5 3 3 3 8  6 7 8  6];
gonzaec =    [8  12 3 3 6 12 5 6 9 4 3 5 4 5 5 8  4 9 9  7];

SM

gonzasm =    [4 4 4 6 6 6 9  6 11 12 12 28];
pagesm =     [4 4 4 7 7 7 7  6 6  10 11 30];
sergiosm =   [4 3 3 7 5 6 10 6 7  10 10 27];
victoriasm = [4 2 2 6 6 4 9  8 6  9  10 26];